33 30
7
9
4 1
3 1 2
3 1
2 2 1 2
2 1 3
3 2 1 2
3 2 3 1 1 8
2 5 3 1 2
3 8 4
2 9 3 2
1 3 6
1 2 4 2
2 1 4
10
1 7 2
1 5 3 1
4 1 1
1 1 1 1 1 1 1
1 1 1 2 5
2 2 1 1 5 1
2 1 1 2 1 1
1 2 1 1 1 4 2
1 1 3 2
1 1 3 1 3 2
9 4 4 6
4 15
1 7 6 9 1
4 17 6
1 1 1 1

1 1 1
2 1 1 2 1 2
1 1 1 2
2 2 1 1 1 4
1 2 1 2 3
2 1 4
2 2 1 4
1 1 1 2
4 1 2 1 1
6 1 8 1 1
8 5 7 1 1
3 8 4 6 1
2 6 4 1 1
2 1 1 1 4 11 1 2
2 1 10 1 1 2
2 1 1 1 1 5 3 2 2
5 2 1 2 3 2 3
1 1 1 1 1 1 3
1 1 2 3 1 3
1 1 3 1 1 2 1
3 3 2 4
2 1 2 1 4
2 2 1 5
3 1 1 2
1 1 1 2
1 1 1 4
1 1 1 4
1 1 1 4
1 3 4
1 3 1
1 5
